#N1024
#P-1.000000	1.000000	-1.000000	0.800000	0.500000	0.000000
#P-0.935484	1.000000	-1.000000	0.792258	0.495161	0.000000
#P-0.870968	1.000000	-1.000000	0.784516	0.490323	0.000000
#P-0.806452	1.000000	-1.000000	0.776774	0.485484	0.000000
#P-0.741935	1.000000	-1.000000	0.769032	0.480645	0.000000
#P-0.677419	1.000000	-1.000000	0.761290	0.475806	0.000000
#P-0.612903	1.000000	-1.000000	0.753548	0.470968	0.000000
#P-0.548387	1.000000	-1.000000	0.745806	0.466129	0.000000
#P-0.483871	1.000000	-1.000000	0.738065	0.461290	0.000000
#P-0.419355	1.000000	-1.000000	0.730323	0.456452	0.000000
#P-0.354839	1.000000	-1.000000	0.722581	0.451613	0.000000
#P-0.290323	1.000000	-1.000000	0.714839	0.446774	0.000000
#P-0.225806	1.000000	-1.000000	0.707097	0.441935	0.000000
#P-0.161290	1.000000	-1.000000	0.699355	0.437097	0.000000
#P-0.096774	1.000000	-1.000000	0.691613	0.432258	0.000000
#P-0.032258	1.000000	-1.000000	0.683871	0.427419	0.000000
#P0.032258	1.000000	-1.000000	0.676129	0.422581	0.000000
#P0.096774	1.000000	-1.000000	0.668387	0.417742	0.000000
#P0.161290	1.000000	-1.000000	0.660645	0.412903	0.000000
#P0.225806	1.000000	-1.000000	0.652903	0.408065	0.000000
#P0.290323	1.000000	-1.000000	0.645161	0.403226	0.000000
#P0.354839	1.000000	-1.000000	0.637419	0.398387	0.000000
#P0.419355	1.000000	-1.000000	0.629677	0.393548	0.000000
#P0.483871	1.000000	-1.000000	0.621935	0.388710	0.000000
#P0.548387	1.000000	-1.000000	0.614194	0.383871	0.000000
#P0.612903	1.000000	-1.000000	0.606452	0.379032	0.000000
#P0.677419	1.000000	-1.000000	0.598710	0.374194	0.000000
#P0.741935	1.000000	-1.000000	0.590968	0.369355	0.000000
#P0.806452	1.000000	-1.000000	0.583226	0.364516	0.000000
#P0.870968	1.000000	-1.000000	0.575484	0.359677	0.000000
#P0.935484	1.000000	-1.000000	0.567742	0.354839	0.000000
#P1.000000	1.000000	-1.000000	0.560000	0.350000	0.000000
#P-1.000000	1.000000	-0.750000	0.800000	0.500000	0.000000
#P-0.935484	1.000000	-0.750000	0.792258	0.495161	0.000000
#P-0.870968	1.000000	-0.750000	0.784516	0.490323	0.000000
#P-0.806452	1.000000	-0.750000	0.776774	0.485484	0.000000
#P-0.741935	1.000000	-0.750000	0.769032	0.480645	0.000000
#P-0.677419	1.000000	-0.750000	0.761290	0.475806	0.000000
#P-0.612903	1.000000	-0.750000	0.753548	0.470968	0.000000
#P-0.548387	1.000000	-0.750000	0.745806	0.466129	0.000000
#P-0.483871	1.000000	-0.750000	0.738065	0.461290	0.000000
#P-0.419355	1.000000	-0.750000	0.730323	0.456452	0.000000
#P-0.354839	1.000000	-0.750000	0.722581	0.451613	0.000000
#P-0.290323	1.000000	-0.750000	0.714839	0.446774	0.000000
#P-0.225806	1.000000	-0.750000	0.707097	0.441935	0.000000
#P-0.161290	1.000000	-0.750000	0.699355	0.437097	0.000000
#P-0.096774	1.000000	-0.750000	0.691613	0.432258	0.000000
#P-0.032258	1.000000	-0.750000	0.683871	0.427419	0.000000
#P0.032258	1.000000	-0.750000	0.676129	0.422581	0.000000
#P0.096774	1.000000	-0.750000	0.668387	0.417742	0.000000
#P0.161290	1.000000	-0.750000	0.660645	0.412903	0.000000
#P0.225806	1.000000	-0.750000	0.652903	0.408065	0.000000
#P0.290323	1.000000	-0.750000	0.645161	0.403226	0.000000
#P0.354839	1.000000	-0.750000	0.637419	0.398387	0.000000
#P0.419355	1.000000	-0.750000	0.629677	0.393548	0.000000
#P0.483871	1.000000	-0.750000	0.621935	0.388710	0.000000
#P0.548387	1.000000	-0.750000	0.614194	0.383871	0.000000
#P0.612903	1.000000	-0.750000	0.606452	0.379032	0.000000
#P0.677419	1.000000	-0.750000	0.598710	0.374194	0.000000
#P0.741935	1.000000	-0.750000	0.590968	0.369355	0.000000
#P0.806452	1.000000	-0.750000	0.583226	0.364516	0.000000
#P0.870968	1.000000	-0.750000	0.575484	0.359677	0.000000
#P0.935484	1.000000	-0.750000	0.567742	0.354839	0.000000
#P1.000000	1.000000	-0.750000	0.560000	0.350000	0.000000
#P-1.000000	1.000000	-0.500000	0.800000	0.500000	0.000000
#P-0.935484	1.000000	-0.500000	0.792258	0.495161	0.000000
#P-0.870968	1.000000	-0.500000	0.784516	0.490323	0.000000
#P-0.806452	1.000000	-0.500000	0.776774	0.485484	0.000000
#P-0.741935	1.000000	-0.500000	0.769032	0.480645	0.000000
#P-0.677419	1.000000	-0.500000	0.761290	0.475806	0.000000
#P-0.612903	1.000000	-0.500000	0.753548	0.470968	0.000000
#P-0.548387	1.000000	-0.500000	0.745806	0.466129	0.000000
#P-0.483871	1.000000	-0.500000	0.738065	0.461290	0.000000
#P-0.419355	1.000000	-0.500000	0.730323	0.456452	0.000000
#P-0.354839	1.000000	-0.500000	0.722581	0.451613	0.000000
#P-0.290323	1.000000	-0.500000	0.714839	0.446774	0.000000
#P-0.225806	1.000000	-0.500000	0.707097	0.441935	0.000000
#P-0.161290	1.000000	-0.500000	0.699355	0.437097	0.000000
#P-0.096774	1.000000	-0.500000	0.691613	0.432258	0.000000
#P-0.032258	1.000000	-0.500000	0.683871	0.427419	0.000000
#P0.032258	1.000000	-0.500000	0.676129	0.422581	0.000000
#P0.096774	1.000000	-0.500000	0.668387	0.417742	0.000000
#P0.161290	1.000000	-0.500000	0.660645	0.412903	0.000000
#P0.225806	1.000000	-0.500000	0.652903	0.408065	0.000000
#P0.290323	1.000000	-0.500000	0.645161	0.403226	0.000000
#P0.354839	1.000000	-0.500000	0.637419	0.398387	0.000000
#P0.419355	1.000000	-0.500000	0.629677	0.393548	0.000000
#P0.483871	1.000000	-0.500000	0.621935	0.388710	0.000000
#P0.548387	1.000000	-0.500000	0.614194	0.383871	0.000000
#P0.612903	1.000000	-0.500000	0.606452	0.379032	0.000000
#P0.677419	1.000000	-0.500000	0.598710	0.374194	0.000000
#P0.741935	1.000000	-0.500000	0.590968	0.369355	0.000000
#P0.806452	1.000000	-0.500000	0.583226	0.364516	0.000000
#P0.870968	1.000000	-0.500000	0.575484	0.359677	0.000000
#P0.935484	1.000000	-0.500000	0.567742	0.354839	0.000000
#P1.000000	1.000000	-0.500000	0.560000	0.350000	0.000000
#P-1.000000	1.000000	-0.250000	0.800000	0.500000	0.000000
#P-0.935484	1.000000	-0.250000	0.792258	0.495161	0.000000
#P-0.870968	1.000000	-0.250000	0.784516	0.490323	0.000000
#P-0.806452	1.000000	-0.250000	0.776774	0.485484	0.000000
#P-0.741935	1.000000	-0.250000	0.769032	0.480645	0.000000
#P-0.677419	1.000000	-0.250000	0.761290	0.475806	0.000000
#P-0.612903	1.000000	-0.250000	0.753548	0.470968	0.000000
#P-0.548387	1.000000	-0.250000	0.745806	0.466129	0.000000
#P-0.483871	1.000000	-0.250000	0.738065	0.461290	0.000000
#P-0.419355	1.000000	-0.250000	0.730323	0.456452	0.000000
#P-0.354839	1.000000	-0.250000	0.722581	0.451613	0.000000
#P-0.290323	1.000000	-0.250000	0.714839	0.446774	0.000000
#P-0.225806	1.000000	-0.250000	0.707097	0.441935	0.000000
#P-0.161290	1.000000	-0.250000	0.699355	0.437097	0.000000
#P-0.096774	1.000000	-0.250000	0.691613	0.432258	0.000000
#P-0.032258	1.000000	-0.250000	0.683871	0.427419	0.000000
#P0.032258	1.000000	-0.250000	0.676129	0.422581	0.000000
#P0.096774	1.000000	-0.250000	0.668387	0.417742	0.000000
#P0.161290	1.000000	-0.250000	0.660645	0.412903	0.000000
#P0.225806	1.000000	-0.250000	0.652903	0.408065	0.000000
#P0.290323	1.000000	-0.250000	0.645161	0.403226	0.000000
#P0.354839	1.000000	-0.250000	0.637419	0.398387	0.000000
#P0.419355	1.000000	-0.250000	0.629677	0.393548	0.000000
#P0.483871	1.000000	-0.250000	0.621935	0.388710	0.000000
#P0.548387	1.000000	-0.250000	0.614194	0.383871	0.000000
#P0.612903	1.000000	-0.250000	0.606452	0.379032	0.000000
#P0.677419	1.000000	-0.250000	0.598710	0.374194	0.000000
#P0.741935	1.000000	-0.250000	0.590968	0.369355	0.000000
#P0.806452	1.000000	-0.250000	0.583226	0.364516	0.000000
#P0.870968	1.000000	-0.250000	0.575484	0.359677	0.000000
#P0.935484	1.000000	-0.250000	0.567742	0.354839	0.000000
#P1.000000	1.000000	-0.250000	0.560000	0.350000	0.000000
#P-1.000000	1.000000	0.000000	0.800000	0.500000	0.000000
#P-0.935484	1.000000	0.000000	0.792258	0.495161	0.000000
#P-0.870968	1.000000	0.000000	0.784516	0.490323	0.000000
#P-0.806452	1.000000	0.000000	0.776774	0.485484	0.000000
#P-0.741935	1.000000	0.000000	0.769032	0.480645	0.000000
#P-0.677419	1.000000	0.000000	0.761290	0.475806	0.000000
#P-0.612903	1.000000	0.000000	0.753548	0.470968	0.000000
#P-0.548387	1.000000	0.000000	0.745806	0.466129	0.000000
#P-0.483871	1.000000	0.000000	0.738065	0.461290	0.000000
#P-0.419355	1.000000	0.000000	0.730323	0.456452	0.000000
#P-0.354839	1.000000	0.000000	0.722581	0.451613	0.000000
#P-0.290323	1.000000	0.000000	0.714839	0.446774	0.000000
#P-0.225806	1.000000	0.000000	0.707097	0.441935	0.000000
#P-0.161290	1.000000	0.000000	0.699355	0.437097	0.000000
#P-0.096774	1.000000	0.000000	0.691613	0.432258	0.000000
#P-0.032258	1.000000	0.000000	0.683871	0.427419	0.000000
#P0.032258	1.000000	0.000000	0.676129	0.422581	0.000000
#P0.096774	1.000000	0.000000	0.668387	0.417742	0.000000
#P0.161290	1.000000	0.000000	0.660645	0.412903	0.000000
#P0.225806	1.000000	0.000000	0.652903	0.408065	0.000000
#P0.290323	1.000000	0.000000	0.645161	0.403226	0.000000
#P0.354839	1.000000	0.000000	0.637419	0.398387	0.000000
#P0.419355	1.000000	0.000000	0.629677	0.393548	0.000000
#P0.483871	1.000000	0.000000	0.621935	0.388710	0.000000
#P0.548387	1.000000	0.000000	0.614194	0.383871	0.000000
#P0.612903	1.000000	0.000000	0.606452	0.379032	0.000000
#P0.677419	1.000000	0.000000	0.598710	0.374194	0.000000
#P0.741935	1.000000	0.000000	0.590968	0.369355	0.000000
#P0.806452	1.000000	0.000000	0.583226	0.364516	0.000000
#P0.870968	1.000000	0.000000	0.575484	0.359677	0.000000
#P0.935484	1.000000	0.000000	0.567742	0.354839	0.000000
#P1.000000	1.000000	0.000000	0.560000	0.350000	0.000000
#P-1.000000	1.000000	0.250000	0.800000	0.500000	0.000000
#P-0.935484	1.000000	0.250000	0.792258	0.495161	0.000000
#P-0.870968	1.000000	0.250000	0.784516	0.490323	0.000000
#P-0.806452	1.000000	0.250000	0.776774	0.485484	0.000000
#P-0.741935	1.000000	0.250000	0.769032	0.480645	0.000000
#P-0.677419	1.000000	0.250000	0.761290	0.475806	0.000000
#P-0.612903	1.000000	0.250000	0.753548	0.470968	0.000000
#P-0.548387	1.000000	0.250000	0.745806	0.466129	0.000000
#P-0.483871	1.000000	0.250000	0.738065	0.461290	0.000000
#P-0.419355	1.000000	0.250000	0.730323	0.456452	0.000000
#P-0.354839	1.000000	0.250000	0.722581	0.451613	0.000000
#P-0.290323	1.000000	0.250000	0.714839	0.446774	0.000000
#P-0.225806	1.000000	0.250000	0.707097	0.441935	0.000000
#P-0.161290	1.000000	0.250000	0.699355	0.437097	0.000000
#P-0.096774	1.000000	0.250000	0.691613	0.432258	0.000000
#P-0.032258	1.000000	0.250000	0.683871	0.427419	0.000000
#P0.032258	1.000000	0.250000	0.676129	0.422581	0.000000
#P0.096774	1.000000	0.250000	0.668387	0.417742	0.000000
#P0.161290	1.000000	0.250000	0.660645	0.412903	0.000000
#P0.225806	1.000000	0.250000	0.652903	0.408065	0.000000
#P0.290323	1.000000	0.250000	0.645161	0.403226	0.000000
#P0.354839	1.000000	0.250000	0.637419	0.398387	0.000000
#P0.419355	1.000000	0.250000	0.629677	0.393548	0.000000
#P0.483871	1.000000	0.250000	0.621935	0.388710	0.000000
#P0.548387	1.000000	0.250000	0.614194	0.383871	0.000000
#P0.612903	1.000000	0.250000	0.606452	0.379032	0.000000
#P0.677419	1.000000	0.250000	0.598710	0.374194	0.000000
#P0.741935	1.000000	0.250000	0.590968	0.369355	0.000000
#P0.806452	1.000000	0.250000	0.583226	0.364516	0.000000
#P0.870968	1.000000	0.250000	0.575484	0.359677	0.000000
#P0.935484	1.000000	0.250000	0.567742	0.354839	0.000000
#P1.000000	1.000000	0.250000	0.560000	0.350000	0.000000
#P-1.000000	1.000000	0.500000	0.800000	0.500000	0.000000
#P-0.935484	1.000000	0.500000	0.792258	0.495161	0.000000
#P-0.870968	1.000000	0.500000	0.784516	0.490323	0.000000
#P-0.806452	1.000000	0.500000	0.776774	0.485484	0.000000
#P-0.741935	1.000000	0.500000	0.769032	0.480645	0.000000
#P-0.677419	1.000000	0.500000	0.761290	0.475806	0.000000
#P-0.612903	1.000000	0.500000	0.753548	0.470968	0.000000
#P-0.548387	1.000000	0.500000	0.745806	0.466129	0.000000
#P-0.483871	1.000000	0.500000	0.738065	0.461290	0.000000
#P-0.419355	1.000000	0.500000	0.730323	0.456452	0.000000
#P-0.354839	1.000000	0.500000	0.722581	0.451613	0.000000
#P-0.290323	1.000000	0.500000	0.714839	0.446774	0.000000
#P-0.225806	1.000000	0.500000	0.707097	0.441935	0.000000
#P-0.161290	1.000000	0.500000	0.699355	0.437097	0.000000
#P-0.096774	1.000000	0.500000	0.691613	0.432258	0.000000
#P-0.032258	1.000000	0.500000	0.683871	0.427419	0.000000
#P0.032258	1.000000	0.500000	0.676129	0.422581	0.000000
#P0.096774	1.000000	0.500000	0.668387	0.417742	0.000000
#P0.161290	1.000000	0.500000	0.660645	0.412903	0.000000
#P0.225806	1.000000	0.500000	0.652903	0.408065	0.000000
#P0.290323	1.000000	0.500000	0.645161	0.403226	0.000000
#P0.354839	1.000000	0.500000	0.637419	0.398387	0.000000
#P0.419355	1.000000	0.500000	0.629677	0.393548	0.000000
#P0.483871	1.000000	0.500000	0.621935	0.388710	0.000000
#P0.548387	1.000000	0.500000	0.614194	0.383871	0.000000
#P0.612903	1.000000	0.500000	0.606452	0.379032	0.000000
#P0.677419	1.000000	0.500000	0.598710	0.374194	0.000000
#P0.741935	1.000000	0.500000	0.590968	0.369355	0.000000
#P0.806452	1.000000	0.500000	0.583226	0.364516	0.000000
#P0.870968	1.000000	0.500000	0.575484	0.359677	0.000000
#P0.935484	1.000000	0.500000	0.567742	0.354839	0.000000
#P1.000000	1.000000	0.500000	0.560000	0.350000	0.000000
#P-1.000000	1.000000	0.750000	0.800000	0.500000	0.000000
#P-0.935484	1.000000	0.750000	0.792258	0.495161	0.000000
#P-0.870968	1.000000	0.750000	0.784516	0.490323	0.000000
#P-0.806452	1.000000	0.750000	0.776774	0.485484	0.000000
#P-0.741935	1.000000	0.750000	0.769032	0.480645	0.000000
#P-0.677419	1.000000	0.750000	0.761290	0.475806	0.000000
#P-0.612903	1.000000	0.750000	0.753548	0.470968	0.000000
#P-0.548387	1.000000	0.750000	0.745806	0.466129	0.000000
#P-0.483871	1.000000	0.750000	0.738065	0.461290	0.000000
#P-0.419355	1.000000	0.750000	0.730323	0.456452	0.000000
#P-0.354839	1.000000	0.750000	0.722581	0.451613	0.000000
#P-0.290323	1.000000	0.750000	0.714839	0.446774	0.000000
#P-0.225806	1.000000	0.750000	0.707097	0.441935	0.000000
#P-0.161290	1.000000	0.750000	0.699355	0.437097	0.000000
#P-0.096774	1.000000	0.750000	0.691613	0.432258	0.000000
#P-0.032258	1.000000	0.750000	0.683871	0.427419	0.000000
#P0.032258	1.000000	0.750000	0.676129	0.422581	0.000000
#P0.096774	1.000000	0.750000	0.668387	0.417742	0.000000
#P0.161290	1.000000	0.750000	0.660645	0.412903	0.000000
#P0.225806	1.000000	0.750000	0.652903	0.408065	0.000000
#P0.290323	1.000000	0.750000	0.645161	0.403226	0.000000
#P0.354839	1.000000	0.750000	0.637419	0.398387	0.000000
#P0.419355	1.000000	0.750000	0.629677	0.393548	0.000000
#P0.483871	1.000000	0.750000	0.621935	0.388710	0.000000
#P0.548387	1.000000	0.750000	0.614194	0.383871	0.000000
#P0.612903	1.000000	0.750000	0.606452	0.379032	0.000000
#P0.677419	1.000000	0.750000	0.598710	0.374194	0.000000
#P0.741935	1.000000	0.750000	0.590968	0.369355	0.000000
#P0.806452	1.000000	0.750000	0.583226	0.364516	0.000000
#P0.870968	1.000000	0.750000	0.575484	0.359677	0.000000
#P0.935484	1.000000	0.750000	0.567742	0.354839	0.000000
#P1.000000	1.000000	0.750000	0.560000	0.350000	0.000000
#P-1.000000	1.000000	1.000000	0.800000	0.500000	0.000000
#P-0.935484	1.000000	1.000000	0.792258	0.495161	0.000000
#P-0.870968	1.000000	1.000000	0.784516	0.490323	0.000000
#P-0.806452	1.000000	1.000000	0.776774	0.485484	0.000000
#P-0.741935	1.000000	1.000000	0.769032	0.480645	0.000000
#P-0.677419	1.000000	1.000000	0.761290	0.475806	0.000000
#P-0.612903	1.000000	1.000000	0.753548	0.470968	0.000000
#P-0.548387	1.000000	1.000000	0.745806	0.466129	0.000000
#P-0.483871	1.000000	1.000000	0.738065	0.461290	0.000000
#P-0.419355	1.000000	1.000000	0.730323	0.456452	0.000000
#P-0.354839	1.000000	1.000000	0.722581	0.451613	0.000000
#P-0.290323	1.000000	1.000000	0.714839	0.446774	0.000000
#P-0.225806	1.000000	1.000000	0.707097	0.441935	0.000000
#P-0.161290	1.000000	1.000000	0.699355	0.437097	0.000000
#P-0.096774	1.000000	1.000000	0.691613	0.432258	0.000000
#P-0.032258	1.000000	1.000000	0.683871	0.427419	0.000000
#P0.032258	1.000000	1.000000	0.676129	0.422581	0.000000
#P0.096774	1.000000	1.000000	0.668387	0.417742	0.000000
#P0.161290	1.000000	1.000000	0.660645	0.412903	0.000000
#P0.225806	1.000000	1.000000	0.652903	0.408065	0.000000
#P0.290323	1.000000	1.000000	0.645161	0.403226	0.000000
#P0.354839	1.000000	1.000000	0.637419	0.398387	0.000000
#P0.419355	1.000000	1.000000	0.629677	0.393548	0.000000
#P0.483871	1.000000	1.000000	0.621935	0.388710	0.000000
#P0.548387	1.000000	1.000000	0.614194	0.383871	0.000000
#P0.612903	1.000000	1.000000	0.606452	0.379032	0.000000
#P0.677419	1.000000	1.000000	0.598710	0.374194	0.000000
#P0.741935	1.000000	1.000000	0.590968	0.369355	0.000000
#P0.806452	1.000000	1.000000	0.583226	0.364516	0.000000
#P0.870968	1.000000	1.000000	0.575484	0.359677	0.000000
#P0.935484	1.000000	1.000000	0.567742	0.354839	0.000000
#P1.000000	1.000000	1.000000	0.560000	0.350000	0.000000
#P-1.000000	0.750000	1.000000	0.800000	0.500000	0.000000
#P-0.935484	0.750000	1.000000	0.792258	0.495161	0.000000
#P-0.870968	0.750000	1.000000	0.784516	0.490323	0.000000
#P-0.806452	0.750000	1.000000	0.776774	0.485484	0.000000
#P-0.741935	0.750000	1.000000	0.769032	0.480645	0.000000
#P-0.677419	0.750000	1.000000	0.761290	0.475806	0.000000
#P-0.612903	0.750000	1.000000	0.753548	0.470968	0.000000
#P-0.548387	0.750000	1.000000	0.745806	0.466129	0.000000
#P-0.483871	0.750000	1.000000	0.738065	0.461290	0.000000
#P-0.419355	0.750000	1.000000	0.730323	0.456452	0.000000
#P-0.354839	0.750000	1.000000	0.722581	0.451613	0.000000
#P-0.290323	0.750000	1.000000	0.714839	0.446774	0.000000
#P-0.225806	0.750000	1.000000	0.707097	0.441935	0.000000
#P-0.161290	0.750000	1.000000	0.699355	0.437097	0.000000
#P-0.096774	0.750000	1.000000	0.691613	0.432258	0.000000
#P-0.032258	0.750000	1.000000	0.683871	0.427419	0.000000
#P0.032258	0.750000	1.000000	0.676129	0.422581	0.000000
#P0.096774	0.750000	1.000000	0.668387	0.417742	0.000000
#P0.161290	0.750000	1.000000	0.660645	0.412903	0.000000
#P0.225806	0.750000	1.000000	0.652903	0.408065	0.000000
#P0.290323	0.750000	1.000000	0.645161	0.403226	0.000000
#P0.354839	0.750000	1.000000	0.637419	0.398387	0.000000
#P0.419355	0.750000	1.000000	0.629677	0.393548	0.000000
#P0.483871	0.750000	1.000000	0.621935	0.388710	0.000000
#P0.548387	0.750000	1.000000	0.614194	0.383871	0.000000
#P0.612903	0.750000	1.000000	0.606452	0.379032	0.000000
#P0.677419	0.750000	1.000000	0.598710	0.374194	0.000000
#P0.741935	0.750000	1.000000	0.590968	0.369355	0.000000
#P0.806452	0.750000	1.000000	0.583226	0.364516	0.000000
#P0.870968	0.750000	1.000000	0.575484	0.359677	0.000000
#P0.935484	0.750000	1.000000	0.567742	0.354839	0.000000
#P1.000000	0.750000	1.000000	0.560000	0.350000	0.000000
#P-1.000000	0.500000	1.000000	0.800000	0.500000	0.000000
#P-0.935484	0.500000	1.000000	0.792258	0.495161	0.000000
#P-0.870968	0.500000	1.000000	0.784516	0.490323	0.000000
#P-0.806452	0.500000	1.000000	0.776774	0.485484	0.000000
#P-0.741935	0.500000	1.000000	0.769032	0.480645	0.000000
#P-0.677419	0.500000	1.000000	0.761290	0.475806	0.000000
#P-0.612903	0.500000	1.000000	0.753548	0.470968	0.000000
#P-0.548387	0.500000	1.000000	0.745806	0.466129	0.000000
#P-0.483871	0.500000	1.000000	0.738065	0.461290	0.000000
#P-0.419355	0.500000	1.000000	0.730323	0.456452	0.000000
#P-0.354839	0.500000	1.000000	0.722581	0.451613	0.000000
#P-0.290323	0.500000	1.000000	0.714839	0.446774	0.000000
#P-0.225806	0.500000	1.000000	0.707097	0.441935	0.000000
#P-0.161290	0.500000	1.000000	0.699355	0.437097	0.000000
#P-0.096774	0.500000	1.000000	0.691613	0.432258	0.000000
#P-0.032258	0.500000	1.000000	0.683871	0.427419	0.000000
#P0.032258	0.500000	1.000000	0.676129	0.422581	0.000000
#P0.096774	0.500000	1.000000	0.668387	0.417742	0.000000
#P0.161290	0.500000	1.000000	0.660645	0.412903	0.000000
#P0.225806	0.500000	1.000000	0.652903	0.408065	0.000000
#P0.290323	0.500000	1.000000	0.645161	0.403226	0.000000
#P0.354839	0.500000	1.000000	0.637419	0.398387	0.000000
#P0.419355	0.500000	1.000000	0.629677	0.393548	0.000000
#P0.483871	0.500000	1.000000	0.621935	0.388710	0.000000
#P0.548387	0.500000	1.000000	0.614194	0.383871	0.000000
#P0.612903	0.500000	1.000000	0.606452	0.379032	0.000000
#P0.677419	0.500000	1.000000	0.598710	0.374194	0.000000
#P0.741935	0.500000	1.000000	0.590968	0.369355	0.000000
#P0.806452	0.500000	1.000000	0.583226	0.364516	0.000000
#P0.870968	0.500000	1.000000	0.575484	0.359677	0.000000
#P0.935484	0.500000	1.000000	0.567742	0.354839	0.000000
#P1.000000	0.500000	1.000000	0.560000	0.350000	0.000000
#P-1.000000	0.250000	1.000000	0.800000	0.500000	0.000000
#P-0.935484	0.250000	1.000000	0.792258	0.495161	0.000000
#P-0.870968	0.250000	1.000000	0.784516	0.490323	0.000000
#P-0.806452	0.250000	1.000000	0.776774	0.485484	0.000000
#P-0.741935	0.250000	1.000000	0.769032	0.480645	0.000000
#P-0.677419	0.250000	1.000000	0.761290	0.475806	0.000000
#P-0.612903	0.250000	1.000000	0.753548	0.470968	0.000000
#P-0.548387	0.250000	1.000000	0.745806	0.466129	0.000000
#P-0.483871	0.250000	1.000000	0.738065	0.461290	0.000000
#P-0.419355	0.250000	1.000000	0.730323	0.456452	0.000000
#P-0.354839	0.250000	1.000000	0.722581	0.451613	0.000000
#P-0.290323	0.250000	1.000000	0.714839	0.446774	0.000000
#P-0.225806	0.250000	1.000000	0.707097	0.441935	0.000000
#P-0.161290	0.250000	1.000000	0.699355	0.437097	0.000000
#P-0.096774	0.250000	1.000000	0.691613	0.432258	0.000000
#P-0.032258	0.250000	1.000000	0.683871	0.427419	0.000000
#P0.032258	0.250000	1.000000	0.676129	0.422581	0.000000
#P0.096774	0.250000	1.000000	0.668387	0.417742	0.000000
#P0.161290	0.250000	1.000000	0.660645	0.412903	0.000000
#P0.225806	0.250000	1.000000	0.652903	0.408065	0.000000
#P0.290323	0.250000	1.000000	0.645161	0.403226	0.000000
#P0.354839	0.250000	1.000000	0.637419	0.398387	0.000000
#P0.419355	0.250000	1.000000	0.629677	0.393548	0.000000
#P0.483871	0.250000	1.000000	0.621935	0.388710	0.000000
#P0.548387	0.250000	1.000000	0.614194	0.383871	0.000000
#P0.612903	0.250000	1.000000	0.606452	0.379032	0.000000
#P0.677419	0.250000	1.000000	0.598710	0.374194	0.000000
#P0.741935	0.250000	1.000000	0.590968	0.369355	0.000000
#P0.806452	0.250000	1.000000	0.583226	0.364516	0.000000
#P0.870968	0.250000	1.000000	0.575484	0.359677	0.000000
#P0.935484	0.250000	1.000000	0.567742	0.354839	0.000000
#P1.000000	0.250000	1.000000	0.560000	0.350000	0.000000
#P-1.000000	0.000000	1.000000	0.800000	0.500000	0.000000
#P-0.935484	0.000000	1.000000	0.792258	0.495161	0.000000
#P-0.870968	0.000000	1.000000	0.784516	0.490323	0.000000
#P-0.806452	0.000000	1.000000	0.776774	0.485484	0.000000
#P-0.741935	0.000000	1.000000	0.769032	0.480645	0.000000
#P-0.677419	0.000000	1.000000	0.761290	0.475806	0.000000
#P-0.612903	0.000000	1.000000	0.753548	0.470968	0.000000
#P-0.548387	0.000000	1.000000	0.745806	0.466129	0.000000
#P-0.483871	0.000000	1.000000	0.738065	0.461290	0.000000
#P-0.419355	0.000000	1.000000	0.730323	0.456452	0.000000
#P-0.354839	0.000000	1.000000	0.722581	0.451613	0.000000
#P-0.290323	0.000000	1.000000	0.714839	0.446774	0.000000
#P-0.225806	0.000000	1.000000	0.707097	0.441935	0.000000
#P-0.161290	0.000000	1.000000	0.699355	0.437097	0.000000
#P-0.096774	0.000000	1.000000	0.691613	0.432258	0.000000
#P-0.032258	0.000000	1.000000	0.683871	0.427419	0.000000
#P0.032258	0.000000	1.000000	0.676129	0.422581	0.000000
#P0.096774	0.000000	1.000000	0.668387	0.417742	0.000000
#P0.161290	0.000000	1.000000	0.660645	0.412903	0.000000
#P0.225806	0.000000	1.000000	0.652903	0.408065	0.000000
#P0.290323	0.000000	1.000000	0.645161	0.403226	0.000000
#P0.354839	0.000000	1.000000	0.637419	0.398387	0.000000
#P0.419355	0.000000	1.000000	0.629677	0.393548	0.000000
#P0.483871	0.000000	1.000000	0.621935	0.388710	0.000000
#P0.548387	0.000000	1.000000	0.614194	0.383871	0.000000
#P0.612903	0.000000	1.000000	0.606452	0.379032	0.000000
#P0.677419	0.000000	1.000000	0.598710	0.374194	0.000000
#P0.741935	0.000000	1.000000	0.590968	0.369355	0.000000
#P0.806452	0.000000	1.000000	0.583226	0.364516	0.000000
#P0.870968	0.000000	1.000000	0.575484	0.359677	0.000000
#P0.935484	0.000000	1.000000	0.567742	0.354839	0.000000
#P1.000000	0.000000	1.000000	0.560000	0.350000	0.000000
#P-1.000000	-0.250000	1.000000	0.800000	0.500000	0.000000
#P-0.935484	-0.250000	1.000000	0.792258	0.495161	0.000000
#P-0.870968	-0.250000	1.000000	0.784516	0.490323	0.000000
#P-0.806452	-0.250000	1.000000	0.776774	0.485484	0.000000
#P-0.741935	-0.250000	1.000000	0.769032	0.480645	0.000000
#P-0.677419	-0.250000	1.000000	0.761290	0.475806	0.000000
#P-0.612903	-0.250000	1.000000	0.753548	0.470968	0.000000
#P-0.548387	-0.250000	1.000000	0.745806	0.466129	0.000000
#P-0.483871	-0.250000	1.000000	0.738065	0.461290	0.000000
#P-0.419355	-0.250000	1.000000	0.730323	0.456452	0.000000
#P-0.354839	-0.250000	1.000000	0.722581	0.451613	0.000000
#P-0.290323	-0.250000	1.000000	0.714839	0.446774	0.000000
#P-0.225806	-0.250000	1.000000	0.707097	0.441935	0.000000
#P-0.161290	-0.250000	1.000000	0.699355	0.437097	0.000000
#P-0.096774	-0.250000	1.000000	0.691613	0.432258	0.000000
#P-0.032258	-0.250000	1.000000	0.683871	0.427419	0.000000
#P0.032258	-0.250000	1.000000	0.676129	0.422581	0.000000
#P0.096774	-0.250000	1.000000	0.668387	0.417742	0.000000
#P0.161290	-0.250000	1.000000	0.660645	0.412903	0.000000
#P0.225806	-0.250000	1.000000	0.652903	0.408065	0.000000
#P0.290323	-0.250000	1.000000	0.645161	0.403226	0.000000
#P0.354839	-0.250000	1.000000	0.637419	0.398387	0.000000
#P0.419355	-0.250000	1.000000	0.629677	0.393548	0.000000
#P0.483871	-0.250000	1.000000	0.621935	0.388710	0.000000
#P0.548387	-0.250000	1.000000	0.614194	0.383871	0.000000
#P0.612903	-0.250000	1.000000	0.606452	0.379032	0.000000
#P0.677419	-0.250000	1.000000	0.598710	0.374194	0.000000
#P0.741935	-0.250000	1.000000	0.590968	0.369355	0.000000
#P0.806452	-0.250000	1.000000	0.583226	0.364516	0.000000
#P0.870968	-0.250000	1.000000	0.575484	0.359677	0.000000
#P0.935484	-0.250000	1.000000	0.567742	0.354839	0.000000
#P1.000000	-0.250000	1.000000	0.560000	0.350000	0.000000
#P-1.000000	-0.500000	1.000000	0.800000	0.500000	0.000000
#P-0.935484	-0.500000	1.000000	0.792258	0.495161	0.000000
#P-0.870968	-0.500000	1.000000	0.784516	0.490323	0.000000
#P-0.806452	-0.500000	1.000000	0.776774	0.485484	0.000000
#P-0.741935	-0.500000	1.000000	0.769032	0.480645	0.000000
#P-0.677419	-0.500000	1.000000	0.761290	0.475806	0.000000
#P-0.612903	-0.500000	1.000000	0.753548	0.470968	0.000000
#P-0.548387	-0.500000	1.000000	0.745806	0.466129	0.000000
#P-0.483871	-0.500000	1.000000	0.738065	0.461290	0.000000
#P-0.419355	-0.500000	1.000000	0.730323	0.456452	0.000000
#P-0.354839	-0.500000	1.000000	0.722581	0.451613	0.000000
#P-0.290323	-0.500000	1.000000	0.714839	0.446774	0.000000
#P-0.225806	-0.500000	1.000000	0.707097	0.441935	0.000000
#P-0.161290	-0.500000	1.000000	0.699355	0.437097	0.000000
#P-0.096774	-0.500000	1.000000	0.691613	0.432258	0.000000
#P-0.032258	-0.500000	1.000000	0.683871	0.427419	0.000000
#P0.032258	-0.500000	1.000000	0.676129	0.422581	0.000000
#P0.096774	-0.500000	1.000000	0.668387	0.417742	0.000000
#P0.161290	-0.500000	1.000000	0.660645	0.412903	0.000000
#P0.225806	-0.500000	1.000000	0.652903	0.408065	0.000000
#P0.290323	-0.500000	1.000000	0.645161	0.403226	0.000000
#P0.354839	-0.500000	1.000000	0.637419	0.398387	0.000000
#P0.419355	-0.500000	1.000000	0.629677	0.393548	0.000000
#P0.483871	-0.500000	1.000000	0.621935	0.388710	0.000000
#P0.548387	-0.500000	1.000000	0.614194	0.383871	0.000000
#P0.612903	-0.500000	1.000000	0.606452	0.379032	0.000000
#P0.677419	-0.500000	1.000000	0.598710	0.374194	0.000000
#P0.741935	-0.500000	1.000000	0.590968	0.369355	0.000000
#P0.806452	-0.500000	1.000000	0.583226	0.364516	0.000000
#P0.870968	-0.500000	1.000000	0.575484	0.359677	0.000000
#P0.935484	-0.500000	1.000000	0.567742	0.354839	0.000000
#P1.000000	-0.500000	1.000000	0.560000	0.350000	0.000000
#P-1.000000	-0.750000	1.000000	0.800000	0.500000	0.000000
#P-0.935484	-0.750000	1.000000	0.792258	0.495161	0.000000
#P-0.870968	-0.750000	1.000000	0.784516	0.490323	0.000000
#P-0.806452	-0.750000	1.000000	0.776774	0.485484	0.000000
#P-0.741935	-0.750000	1.000000	0.769032	0.480645	0.000000
#P-0.677419	-0.750000	1.000000	0.761290	0.475806	0.000000
#P-0.612903	-0.750000	1.000000	0.753548	0.470968	0.000000
#P-0.548387	-0.750000	1.000000	0.745806	0.466129	0.000000
#P-0.483871	-0.750000	1.000000	0.738065	0.461290	0.000000
#P-0.419355	-0.750000	1.000000	0.730323	0.456452	0.000000
#P-0.354839	-0.750000	1.000000	0.722581	0.451613	0.000000
#P-0.290323	-0.750000	1.000000	0.714839	0.446774	0.000000
#P-0.225806	-0.750000	1.000000	0.707097	0.441935	0.000000
#P-0.161290	-0.750000	1.000000	0.699355	0.437097	0.000000
#P-0.096774	-0.750000	1.000000	0.691613	0.432258	0.000000
#P-0.032258	-0.750000	1.000000	0.683871	0.427419	0.000000
#P0.032258	-0.750000	1.000000	0.676129	0.422581	0.000000
#P0.096774	-0.750000	1.000000	0.668387	0.417742	0.000000
#P0.161290	-0.750000	1.000000	0.660645	0.412903	0.000000
#P0.225806	-0.750000	1.000000	0.652903	0.408065	0.000000
#P0.290323	-0.750000	1.000000	0.645161	0.403226	0.000000
#P0.354839	-0.750000	1.000000	0.637419	0.398387	0.000000
#P0.419355	-0.750000	1.000000	0.629677	0.393548	0.000000
#P0.483871	-0.750000	1.000000	0.621935	0.388710	0.000000
#P0.548387	-0.750000	1.000000	0.614194	0.383871	0.000000
#P0.612903	-0.750000	1.000000	0.606452	0.379032	0.000000
#P0.677419	-0.750000	1.000000	0.598710	0.374194	0.000000
#P0.741935	-0.750000	1.000000	0.590968	0.369355	0.000000
#P0.806452	-0.750000	1.000000	0.583226	0.364516	0.000000
#P0.870968	-0.750000	1.000000	0.575484	0.359677	0.000000
#P0.935484	-0.750000	1.000000	0.567742	0.354839	0.000000
#P1.000000	-0.750000	1.000000	0.560000	0.350000	0.000000
#P-1.000000	-1.000000	1.000000	0.800000	0.500000	0.000000
#P-0.935484	-1.000000	1.000000	0.792258	0.495161	0.000000
#P-0.870968	-1.000000	1.000000	0.784516	0.490323	0.000000
#P-0.806452	-1.000000	1.000000	0.776774	0.485484	0.000000
#P-0.741935	-1.000000	1.000000	0.769032	0.480645	0.000000
#P-0.677419	-1.000000	1.000000	0.761290	0.475806	0.000000
#P-0.612903	-1.000000	1.000000	0.753548	0.470968	0.000000
#P-0.548387	-1.000000	1.000000	0.745806	0.466129	0.000000
#P-0.483871	-1.000000	1.000000	0.738065	0.461290	0.000000
#P-0.419355	-1.000000	1.000000	0.730323	0.456452	0.000000
#P-0.354839	-1.000000	1.000000	0.722581	0.451613	0.000000
#P-0.290323	-1.000000	1.000000	0.714839	0.446774	0.000000
#P-0.225806	-1.000000	1.000000	0.707097	0.441935	0.000000
#P-0.161290	-1.000000	1.000000	0.699355	0.437097	0.000000
#P-0.096774	-1.000000	1.000000	0.691613	0.432258	0.000000
#P-0.032258	-1.000000	1.000000	0.683871	0.427419	0.000000
#P0.032258	-1.000000	1.000000	0.676129	0.422581	0.000000
#P0.096774	-1.000000	1.000000	0.668387	0.417742	0.000000
#P0.161290	-1.000000	1.000000	0.660645	0.412903	0.000000
#P0.225806	-1.000000	1.000000	0.652903	0.408065	0.000000
#P0.290323	-1.000000	1.000000	0.645161	0.403226	0.000000
#P0.354839	-1.000000	1.000000	0.637419	0.398387	0.000000
#P0.419355	-1.000000	1.000000	0.629677	0.393548	0.000000
#P0.483871	-1.000000	1.000000	0.621935	0.388710	0.000000
#P0.548387	-1.000000	1.000000	0.614194	0.383871	0.000000
#P0.612903	-1.000000	1.000000	0.606452	0.379032	0.000000
#P0.677419	-1.000000	1.000000	0.598710	0.374194	0.000000
#P0.741935	-1.000000	1.000000	0.590968	0.369355	0.000000
#P0.806452	-1.000000	1.000000	0.583226	0.364516	0.000000
#P0.870968	-1.000000	1.000000	0.575484	0.359677	0.000000
#P0.935484	-1.000000	1.000000	0.567742	0.354839	0.000000
#P1.000000	-1.000000	1.000000	0.560000	0.350000	0.000000
#P-1.000000	-1.000000	0.750000	0.800000	0.500000	0.000000
#P-0.935484	-1.000000	0.750000	0.792258	0.495161	0.000000
#P-0.870968	-1.000000	0.750000	0.784516	0.490323	0.000000
#P-0.806452	-1.000000	0.750000	0.776774	0.485484	0.000000
#P-0.741935	-1.000000	0.750000	0.769032	0.480645	0.000000
#P-0.677419	-1.000000	0.750000	0.761290	0.475806	0.000000
#P-0.612903	-1.000000	0.750000	0.753548	0.470968	0.000000
#P-0.548387	-1.000000	0.750000	0.745806	0.466129	0.000000
#P-0.483871	-1.000000	0.750000	0.738065	0.461290	0.000000
#P-0.419355	-1.000000	0.750000	0.730323	0.456452	0.000000
#P-0.354839	-1.000000	0.750000	0.722581	0.451613	0.000000
#P-0.290323	-1.000000	0.750000	0.714839	0.446774	0.000000
#P-0.225806	-1.000000	0.750000	0.707097	0.441935	0.000000
#P-0.161290	-1.000000	0.750000	0.699355	0.437097	0.000000
#P-0.096774	-1.000000	0.750000	0.691613	0.432258	0.000000
#P-0.032258	-1.000000	0.750000	0.683871	0.427419	0.000000
#P0.032258	-1.000000	0.750000	0.676129	0.422581	0.000000
#P0.096774	-1.000000	0.750000	0.668387	0.417742	0.000000
#P0.161290	-1.000000	0.750000	0.660645	0.412903	0.000000
#P0.225806	-1.000000	0.750000	0.652903	0.408065	0.000000
#P0.290323	-1.000000	0.750000	0.645161	0.403226	0.000000
#P0.354839	-1.000000	0.750000	0.637419	0.398387	0.000000
#P0.419355	-1.000000	0.750000	0.629677	0.393548	0.000000
#P0.483871	-1.000000	0.750000	0.621935	0.388710	0.000000
#P0.548387	-1.000000	0.750000	0.614194	0.383871	0.000000
#P0.612903	-1.000000	0.750000	0.606452	0.379032	0.000000
#P0.677419	-1.000000	0.750000	0.598710	0.374194	0.000000
#P0.741935	-1.000000	0.750000	0.590968	0.369355	0.000000
#P0.806452	-1.000000	0.750000	0.583226	0.364516	0.000000
#P0.870968	-1.000000	0.750000	0.575484	0.359677	0.000000
#P0.935484	-1.000000	0.750000	0.567742	0.354839	0.000000
#P1.000000	-1.000000	0.750000	0.560000	0.350000	0.000000
#P-1.000000	-1.000000	0.500000	0.800000	0.500000	0.000000
#P-0.935484	-1.000000	0.500000	0.792258	0.495161	0.000000
#P-0.870968	-1.000000	0.500000	0.784516	0.490323	0.000000
#P-0.806452	-1.000000	0.500000	0.776774	0.485484	0.000000
#P-0.741935	-1.000000	0.500000	0.769032	0.480645	0.000000
#P-0.677419	-1.000000	0.500000	0.761290	0.475806	0.000000
#P-0.612903	-1.000000	0.500000	0.753548	0.470968	0.000000
#P-0.548387	-1.000000	0.500000	0.745806	0.466129	0.000000
#P-0.483871	-1.000000	0.500000	0.738065	0.461290	0.000000
#P-0.419355	-1.000000	0.500000	0.730323	0.456452	0.000000
#P-0.354839	-1.000000	0.500000	0.722581	0.451613	0.000000
#P-0.290323	-1.000000	0.500000	0.714839	0.446774	0.000000
#P-0.225806	-1.000000	0.500000	0.707097	0.441935	0.000000
#P-0.161290	-1.000000	0.500000	0.699355	0.437097	0.000000
#P-0.096774	-1.000000	0.500000	0.691613	0.432258	0.000000
#P-0.032258	-1.000000	0.500000	0.683871	0.427419	0.000000
#P0.032258	-1.000000	0.500000	0.676129	0.422581	0.000000
#P0.096774	-1.000000	0.500000	0.668387	0.417742	0.000000
#P0.161290	-1.000000	0.500000	0.660645	0.412903	0.000000
#P0.225806	-1.000000	0.500000	0.652903	0.408065	0.000000
#P0.290323	-1.000000	0.500000	0.645161	0.403226	0.000000
#P0.354839	-1.000000	0.500000	0.637419	0.398387	0.000000
#P0.419355	-1.000000	0.500000	0.629677	0.393548	0.000000
#P0.483871	-1.000000	0.500000	0.621935	0.388710	0.000000
#P0.548387	-1.000000	0.500000	0.614194	0.383871	0.000000
#P0.612903	-1.000000	0.500000	0.606452	0.379032	0.000000
#P0.677419	-1.000000	0.500000	0.598710	0.374194	0.000000
#P0.741935	-1.000000	0.500000	0.590968	0.369355	0.000000
#P0.806452	-1.000000	0.500000	0.583226	0.364516	0.000000
#P0.870968	-1.000000	0.500000	0.575484	0.359677	0.000000
#P0.935484	-1.000000	0.500000	0.567742	0.354839	0.000000
#P1.000000	-1.000000	0.500000	0.560000	0.350000	0.000000
#P-1.000000	-1.000000	0.250000	0.800000	0.500000	0.000000
#P-0.935484	-1.000000	0.250000	0.792258	0.495161	0.000000
#P-0.870968	-1.000000	0.250000	0.784516	0.490323	0.000000
#P-0.806452	-1.000000	0.250000	0.776774	0.485484	0.000000
#P-0.741935	-1.000000	0.250000	0.769032	0.480645	0.000000
#P-0.677419	-1.000000	0.250000	0.761290	0.475806	0.000000
#P-0.612903	-1.000000	0.250000	0.753548	0.470968	0.000000
#P-0.548387	-1.000000	0.250000	0.745806	0.466129	0.000000
#P-0.483871	-1.000000	0.250000	0.738065	0.461290	0.000000
#P-0.419355	-1.000000	0.250000	0.730323	0.456452	0.000000
#P-0.354839	-1.000000	0.250000	0.722581	0.451613	0.000000
#P-0.290323	-1.000000	0.250000	0.714839	0.446774	0.000000
#P-0.225806	-1.000000	0.250000	0.707097	0.441935	0.000000
#P-0.161290	-1.000000	0.250000	0.699355	0.437097	0.000000
#P-0.096774	-1.000000	0.250000	0.691613	0.432258	0.000000
#P-0.032258	-1.000000	0.250000	0.683871	0.427419	0.000000
#P0.032258	-1.000000	0.250000	0.676129	0.422581	0.000000
#P0.096774	-1.000000	0.250000	0.668387	0.417742	0.000000
#P0.161290	-1.000000	0.250000	0.660645	0.412903	0.000000
#P0.225806	-1.000000	0.250000	0.652903	0.408065	0.000000
#P0.290323	-1.000000	0.250000	0.645161	0.403226	0.000000
#P0.354839	-1.000000	0.250000	0.637419	0.398387	0.000000
#P0.419355	-1.000000	0.250000	0.629677	0.393548	0.000000
#P0.483871	-1.000000	0.250000	0.621935	0.388710	0.000000
#P0.548387	-1.000000	0.250000	0.614194	0.383871	0.000000
#P0.612903	-1.000000	0.250000	0.606452	0.379032	0.000000
#P0.677419	-1.000000	0.250000	0.598710	0.374194	0.000000
#P0.741935	-1.000000	0.250000	0.590968	0.369355	0.000000
#P0.806452	-1.000000	0.250000	0.583226	0.364516	0.000000
#P0.870968	-1.000000	0.250000	0.575484	0.359677	0.000000
#P0.935484	-1.000000	0.250000	0.567742	0.354839	0.000000
#P1.000000	-1.000000	0.250000	0.560000	0.350000	0.000000
#P-1.000000	-1.000000	0.000000	0.800000	0.500000	0.000000
#P-0.935484	-1.000000	0.000000	0.792258	0.495161	0.000000
#P-0.870968	-1.000000	0.000000	0.784516	0.490323	0.000000
#P-0.806452	-1.000000	0.000000	0.776774	0.485484	0.000000
#P-0.741935	-1.000000	0.000000	0.769032	0.480645	0.000000
#P-0.677419	-1.000000	0.000000	0.761290	0.475806	0.000000
#P-0.612903	-1.000000	0.000000	0.753548	0.470968	0.000000
#P-0.548387	-1.000000	0.000000	0.745806	0.466129	0.000000
#P-0.483871	-1.000000	0.000000	0.738065	0.461290	0.000000
#P-0.419355	-1.000000	0.000000	0.730323	0.456452	0.000000
#P-0.354839	-1.000000	0.000000	0.722581	0.451613	0.000000
#P-0.290323	-1.000000	0.000000	0.714839	0.446774	0.000000
#P-0.225806	-1.000000	0.000000	0.707097	0.441935	0.000000
#P-0.161290	-1.000000	0.000000	0.699355	0.437097	0.000000
#P-0.096774	-1.000000	0.000000	0.691613	0.432258	0.000000
#P-0.032258	-1.000000	0.000000	0.683871	0.427419	0.000000
#P0.032258	-1.000000	0.000000	0.676129	0.422581	0.000000
#P0.096774	-1.000000	0.000000	0.668387	0.417742	0.000000
#P0.161290	-1.000000	0.000000	0.660645	0.412903	0.000000
#P0.225806	-1.000000	0.000000	0.652903	0.408065	0.000000
#P0.290323	-1.000000	0.000000	0.645161	0.403226	0.000000
#P0.354839	-1.000000	0.000000	0.637419	0.398387	0.000000
#P0.419355	-1.000000	0.000000	0.629677	0.393548	0.000000
#P0.483871	-1.000000	0.000000	0.621935	0.388710	0.000000
#P0.548387	-1.000000	0.000000	0.614194	0.383871	0.000000
#P0.612903	-1.000000	0.000000	0.606452	0.379032	0.000000
#P0.677419	-1.000000	0.000000	0.598710	0.374194	0.000000
#P0.741935	-1.000000	0.000000	0.590968	0.369355	0.000000
#P0.806452	-1.000000	0.000000	0.583226	0.364516	0.000000
#P0.870968	-1.000000	0.000000	0.575484	0.359677	0.000000
#P0.935484	-1.000000	0.000000	0.567742	0.354839	0.000000
#P1.000000	-1.000000	0.000000	0.560000	0.350000	0.000000
#P-1.000000	-1.000000	-0.250000	0.800000	0.500000	0.000000
#P-0.935484	-1.000000	-0.250000	0.792258	0.495161	0.000000
#P-0.870968	-1.000000	-0.250000	0.784516	0.490323	0.000000
#P-0.806452	-1.000000	-0.250000	0.776774	0.485484	0.000000
#P-0.741935	-1.000000	-0.250000	0.769032	0.480645	0.000000
#P-0.677419	-1.000000	-0.250000	0.761290	0.475806	0.000000
#P-0.612903	-1.000000	-0.250000	0.753548	0.470968	0.000000
#P-0.548387	-1.000000	-0.250000	0.745806	0.466129	0.000000
#P-0.483871	-1.000000	-0.250000	0.738065	0.461290	0.000000
#P-0.419355	-1.000000	-0.250000	0.730323	0.456452	0.000000
#P-0.354839	-1.000000	-0.250000	0.722581	0.451613	0.000000
#P-0.290323	-1.000000	-0.250000	0.714839	0.446774	0.000000
#P-0.225806	-1.000000	-0.250000	0.707097	0.441935	0.000000
#P-0.161290	-1.000000	-0.250000	0.699355	0.437097	0.000000
#P-0.096774	-1.000000	-0.250000	0.691613	0.432258	0.000000
#P-0.032258	-1.000000	-0.250000	0.683871	0.427419	0.000000
#P0.032258	-1.000000	-0.250000	0.676129	0.422581	0.000000
#P0.096774	-1.000000	-0.250000	0.668387	0.417742	0.000000
#P0.161290	-1.000000	-0.250000	0.660645	0.412903	0.000000
#P0.225806	-1.000000	-0.250000	0.652903	0.408065	0.000000
#P0.290323	-1.000000	-0.250000	0.645161	0.403226	0.000000
#P0.354839	-1.000000	-0.250000	0.637419	0.398387	0.000000
#P0.419355	-1.000000	-0.250000	0.629677	0.393548	0.000000
#P0.483871	-1.000000	-0.250000	0.621935	0.388710	0.000000
#P0.548387	-1.000000	-0.250000	0.614194	0.383871	0.000000
#P0.612903	-1.000000	-0.250000	0.606452	0.379032	0.000000
#P0.677419	-1.000000	-0.250000	0.598710	0.374194	0.000000
#P0.741935	-1.000000	-0.250000	0.590968	0.369355	0.000000
